datum_lat   =
datum_lon   =

lat_north   = 33.221750
lat_south   = 33.213797
lat_west    = -87.555854
lat_east    = -87.539155
